/*--------------------------------*- C++ -*----------------------------------*\
| =========                 |                                                 |
| \\      /  F ield         | OpenFOAM: The Open Source CFD Toolbox           |
|  \\    /   O peration     | Version:  plus                                  |
|   \\  /    A nd           | Web:      www.OpenFOAM.com                      |
|    \\/     M anipulation  |                                                 |
\*---------------------------------------------------------------------------*/
FoamFile
{
    version     2.0;
    format      ascii;
    class       volVectorField;
    object      boundaryT;
}
// * * * * * * * * * * * * * * * * * * * * * * * * * * * * * * * * * * * * * //

dimensions      [0 0 0 1 0 0 0];

internalField   uniform (0 0 0);

boundaryField
{
    inflow
    {
        type            fixedValue;
        value           nonuniform List<vector> 
100
(
(8.988987042333086 8.988987042333086  8.988987042333086)
(8.98943049818169 8.98943049818169  8.98943049818169)
(8.9907608657275 8.9907608657275  8.9907608657275)
(8.992638162153256 8.992638162153256  8.992638162153256)
(8.992978144970518 8.992978144970518  8.992978144970518)
(8.994574586025491 8.994574586025491  8.994574586025491)
(8.996230154526945 8.996230154526945  8.996230154526945)
(8.996082335910744 8.996082335910744  8.996082335910744)
(8.996525791759346 8.996525791759346  8.996525791759346)
(8.997856159305158 8.997856159305158  8.997856159305158)
(8.999629982699572 8.999629982699572  8.999629982699572)
(8.999802437751807 8.999802437751807  8.999802437751807)
(8.999915061459388 8.999915061459388  8.999915061459388)
(9.001262706505795 9.001262706505795  9.001262706505795)
(9.001403806093986 9.001403806093986  9.001403806093986)
(9.0029559015641 9.0029559015641  9.0029559015641)
(9.004507997034212 9.004507997034212  9.004507997034212)
(9.004507997034212 9.004507997034212  9.004507997034212)
(9.004552342619073 9.004552342619073  9.004552342619073)
(9.00805564382304 9.00805564382304  9.00805564382304)
(9.00805564382304 9.00805564382304  9.00805564382304)
(9.010716378914662 9.010716378914662  9.010716378914662)
(9.01160329061187 9.01160329061187  9.01160329061187)
(9.014519865616148 9.014519865616148  9.014519865616148)
(9.015816121173604 9.015816121173604  9.015816121173604)
(9.016037849097906 9.016037849097906  9.016037849097906)
(9.0177229813226 9.0177229813226  9.0177229813226)
(9.018255128340924 9.018255128340924  9.018255128340924)
(9.019585495886735 9.019585495886735  9.019585495886735)
(9.02135931928115 9.02135931928115  9.02135931928115)
(9.023133142675563 9.023133142675563  9.023133142675563)
(9.024765866481786 9.024765866481786  9.024765866481786)
(9.024020054372771 9.024020054372771  9.024020054372771)
(9.027986520574169 9.027986520574169  9.027986520574169)
(9.026459061540091 9.026459061540091  9.026459061540091)
(9.028122020972354 9.028122020972354  9.028122020972354)
(9.030671892101825 9.030671892101825  9.030671892101825)
(9.034219538890653 9.034219538890653  9.034219538890653)
(9.035362290500517 9.035362290500517  9.035362290500517)
(9.037767185679483 9.037767185679483  9.037767185679483)
(9.03865409737669 9.03865409737669  9.03865409737669)
(9.03865409737669 9.03865409737669  9.03865409737669)
(9.040240304835157 9.040240304835157  9.040240304835157)
(9.041314832468311 9.041314832468311  9.041314832468311)
(9.042374199217754 9.042374199217754  9.042374199217754)
(9.043532111711329 9.043532111711329  9.043532111711329)
(9.043500436293572 9.043500436293572  9.043500436293572)
(9.043310383787027 9.043310383787027  9.043310383787027)
(9.045527663030045 9.045527663030045  9.045527663030045)
(9.050627405288987 9.050627405288987  9.050627405288987)
(9.057722698866645 9.057722698866645  9.057722698866645)
(9.064817992444302 9.064817992444302  9.064817992444302)
(9.07191328602196 9.07191328602196  9.07191328602196)
(9.079008579599618 9.079008579599618  9.079008579599618)
(9.082556226388446 9.082556226388446  9.082556226388446)
(9.089651519966104 9.089651519966104  9.089651519966104)
(9.096746813543762 9.096746813543762  9.096746813543762)
(9.100294460332591 9.100294460332591  9.100294460332591)
(9.101920465110805 9.101920465110805  9.101920465110805)
(9.104729018818627 9.104729018818627  9.104729018818627)
(9.108276665607455 9.108276665607455  9.108276665607455)
(9.111824312396285 9.111824312396285  9.111824312396285)
(9.115371959185113 9.115371959185113  9.115371959185113)
(9.118919605973943 9.118919605973943  9.118919605973943)
(9.122467252762771 9.122467252762771  9.122467252762771)
(9.1260148995516 9.1260148995516  9.1260148995516)
(9.129562546340429 9.129562546340429  9.129562546340429)
(9.133110193129259 9.133110193129259  9.133110193129259)
(9.134613015727304 9.134613015727304  9.134613015727304)
(9.136752866171358 9.136752866171358  9.136752866171358)
(9.138062116771998 9.138062116771998  9.138062116771998)
(9.139318575009709 9.139318575009709  9.139318575009709)
(9.141535854252727 9.141535854252727  9.141535854252727)
(9.145083501041555 9.145083501041555  9.145083501041555)
(9.148631147830384 9.148631147830384  9.148631147830384)
(9.152178794619212 9.152178794619212  9.152178794619212)
(9.155726441408042 9.155726441408042  9.155726441408042)
(9.15927408819687 9.15927408819687  9.15927408819687)
(9.1628217349857 9.1628217349857  9.1628217349857)
(9.166369381774528 9.166369381774528  9.166369381774528)
(9.169917028563358 9.169917028563358  9.169917028563358)
(9.173464675352186 9.173464675352186  9.173464675352186)
(9.177012322141016 9.177012322141016  9.177012322141016)
(9.180559968929844 9.180559968929844  9.180559968929844)
(9.184107615718673 9.184107615718673  9.184107615718673)
(9.187655262507501 9.187655262507501  9.187655262507501)
(9.191202909296331 9.191202909296331  9.191202909296331)
(9.19475055608516 9.19475055608516  9.19475055608516)
(9.198298202873989 9.198298202873989  9.198298202873989)
(9.201845849662817 9.201845849662817  9.201845849662817)
(9.205393496451645 9.205393496451645  9.205393496451645)
(9.208497687391871 9.208497687391871  9.208497687391871)
(9.208941143240475 9.208941143240475  9.208941143240475)
(9.2120453341807 9.2120453341807  9.2120453341807)
(9.212488790029303 9.212488790029303  9.212488790029303)
(9.215592980969529 9.215592980969529  9.215592980969529)
(9.216036436818133 9.216036436818133  9.216036436818133)
(9.219140627758357 9.219140627758357  9.219140627758357)
(9.21958408360696 9.21958408360696  9.21958408360696)
(9.222244818698583 9.222244818698583  9.222244818698583)
)
;
    }
    outflow
    {
        type            fixedValue;
        value           nonuniform List<vector> 
100
(
(8.988987042333086 8.988987042333086  8.988987042333086)
(8.98943049818169 8.98943049818169  8.98943049818169)
(8.9907608657275 8.9907608657275  8.9907608657275)
(8.992638162153256 8.992638162153256  8.992638162153256)
(8.992978144970518 8.992978144970518  8.992978144970518)
(8.994574586025491 8.994574586025491  8.994574586025491)
(8.996230154526945 8.996230154526945  8.996230154526945)
(8.996082335910744 8.996082335910744  8.996082335910744)
(8.996525791759346 8.996525791759346  8.996525791759346)
(8.997856159305158 8.997856159305158  8.997856159305158)
(8.999629982699572 8.999629982699572  8.999629982699572)
(8.999802437751807 8.999802437751807  8.999802437751807)
(8.999915061459388 8.999915061459388  8.999915061459388)
(9.001262706505795 9.001262706505795  9.001262706505795)
(9.001403806093986 9.001403806093986  9.001403806093986)
(9.0029559015641 9.0029559015641  9.0029559015641)
(9.004507997034212 9.004507997034212  9.004507997034212)
(9.004507997034212 9.004507997034212  9.004507997034212)
(9.004552342619073 9.004552342619073  9.004552342619073)
(9.00805564382304 9.00805564382304  9.00805564382304)
(9.00805564382304 9.00805564382304  9.00805564382304)
(9.010716378914662 9.010716378914662  9.010716378914662)
(9.01160329061187 9.01160329061187  9.01160329061187)
(9.014519865616148 9.014519865616148  9.014519865616148)
(9.015816121173604 9.015816121173604  9.015816121173604)
(9.016037849097906 9.016037849097906  9.016037849097906)
(9.0177229813226 9.0177229813226  9.0177229813226)
(9.018255128340924 9.018255128340924  9.018255128340924)
(9.019585495886735 9.019585495886735  9.019585495886735)
(9.02135931928115 9.02135931928115  9.02135931928115)
(9.023133142675563 9.023133142675563  9.023133142675563)
(9.024765866481786 9.024765866481786  9.024765866481786)
(9.024020054372771 9.024020054372771  9.024020054372771)
(9.027986520574169 9.027986520574169  9.027986520574169)
(9.026459061540091 9.026459061540091  9.026459061540091)
(9.028122020972354 9.028122020972354  9.028122020972354)
(9.030671892101825 9.030671892101825  9.030671892101825)
(9.034219538890653 9.034219538890653  9.034219538890653)
(9.035362290500517 9.035362290500517  9.035362290500517)
(9.037767185679483 9.037767185679483  9.037767185679483)
(9.03865409737669 9.03865409737669  9.03865409737669)
(9.03865409737669 9.03865409737669  9.03865409737669)
(9.040240304835157 9.040240304835157  9.040240304835157)
(9.041314832468311 9.041314832468311  9.041314832468311)
(9.042374199217754 9.042374199217754  9.042374199217754)
(9.043532111711329 9.043532111711329  9.043532111711329)
(9.043500436293572 9.043500436293572  9.043500436293572)
(9.043310383787027 9.043310383787027  9.043310383787027)
(9.045527663030045 9.045527663030045  9.045527663030045)
(9.050627405288987 9.050627405288987  9.050627405288987)
(9.057722698866645 9.057722698866645  9.057722698866645)
(9.064817992444302 9.064817992444302  9.064817992444302)
(9.07191328602196 9.07191328602196  9.07191328602196)
(9.079008579599618 9.079008579599618  9.079008579599618)
(9.082556226388446 9.082556226388446  9.082556226388446)
(9.089651519966104 9.089651519966104  9.089651519966104)
(9.096746813543762 9.096746813543762  9.096746813543762)
(9.100294460332591 9.100294460332591  9.100294460332591)
(9.101920465110805 9.101920465110805  9.101920465110805)
(9.104729018818627 9.104729018818627  9.104729018818627)
(9.108276665607455 9.108276665607455  9.108276665607455)
(9.111824312396285 9.111824312396285  9.111824312396285)
(9.115371959185113 9.115371959185113  9.115371959185113)
(9.118919605973943 9.118919605973943  9.118919605973943)
(9.122467252762771 9.122467252762771  9.122467252762771)
(9.1260148995516 9.1260148995516  9.1260148995516)
(9.129562546340429 9.129562546340429  9.129562546340429)
(9.133110193129259 9.133110193129259  9.133110193129259)
(9.134613015727304 9.134613015727304  9.134613015727304)
(9.136752866171358 9.136752866171358  9.136752866171358)
(9.138062116771998 9.138062116771998  9.138062116771998)
(9.139318575009709 9.139318575009709  9.139318575009709)
(9.141535854252727 9.141535854252727  9.141535854252727)
(9.145083501041555 9.145083501041555  9.145083501041555)
(9.148631147830384 9.148631147830384  9.148631147830384)
(9.152178794619212 9.152178794619212  9.152178794619212)
(9.155726441408042 9.155726441408042  9.155726441408042)
(9.15927408819687 9.15927408819687  9.15927408819687)
(9.1628217349857 9.1628217349857  9.1628217349857)
(9.166369381774528 9.166369381774528  9.166369381774528)
(9.169917028563358 9.169917028563358  9.169917028563358)
(9.173464675352186 9.173464675352186  9.173464675352186)
(9.177012322141016 9.177012322141016  9.177012322141016)
(9.180559968929844 9.180559968929844  9.180559968929844)
(9.184107615718673 9.184107615718673  9.184107615718673)
(9.187655262507501 9.187655262507501  9.187655262507501)
(9.191202909296331 9.191202909296331  9.191202909296331)
(9.19475055608516 9.19475055608516  9.19475055608516)
(9.198298202873989 9.198298202873989  9.198298202873989)
(9.201845849662817 9.201845849662817  9.201845849662817)
(9.205393496451645 9.205393496451645  9.205393496451645)
(9.208497687391871 9.208497687391871  9.208497687391871)
(9.208941143240475 9.208941143240475  9.208941143240475)
(9.2120453341807 9.2120453341807  9.2120453341807)
(9.212488790029303 9.212488790029303  9.212488790029303)
(9.215592980969529 9.215592980969529  9.215592980969529)
(9.216036436818133 9.216036436818133  9.216036436818133)
(9.219140627758357 9.219140627758357  9.219140627758357)
(9.21958408360696 9.21958408360696  9.21958408360696)
(9.222244818698583 9.222244818698583  9.222244818698583)
)
;
    }
    topwall
    {
        type            fixedValue;
        value           uniform (9 9 9);
    }
    frontAndBackPlanes
    {
        type            empty;
    }

    obstacle
    {
        type            calculated;
        value           uniform (300 300 300);
    }
    
}

// ************************************************************************* //

